ketto <- 1+1
harom <- 1+2
